14 19 0.7  76 74 75 0.203 0.114
14 19 0.8  76 74 75 0.203 0.107
14 19 0.9  76 74 75 0.199 0.105
14 19 1.0  76 74 75 0.200 0.104
14 19 1.1  76 74 75 0.194 0.102
14 19 1.2  76 74 75 0.196 0.100
14 19 1.3  76 75 75 0.197 0.094
14 19 1.4  76 75 74 0.201 0.094
14 19 1.5  75 75 74 0.202 0.098
14 19 1.6  75 75 74 0.212 0.106
14 19 1.7  73 75 74 0.220 0.104
14 19 1.8  73 74 73 0.221 0.103
14 19 1.9  72 74 73 0.229 0.112
14 24 0.7  77 75 77 0.229 0.113
14 24 0.8  78 75 77 0.225 0.105
14 24 0.9  78 75 77 0.219 0.103
14 24 1.0  78 75 77 0.212 0.099
14 24 1.1  79 75 77 0.202 0.096
14 24 1.2  79 75 77 0.196 0.093
14 24 1.3  79 75 76 0.195 0.085
14 24 1.4  78 75 76 0.195 0.086
14 24 1.5  78 75 75 0.203 0.089
14 24 1.6  78 75 75 0.216 0.099
14 24 1.7  77 75 74 0.223 0.099
14 24 1.8  75 75 74 0.233 0.102
14 24 1.9  74 75 73 0.241 0.109
14 29 0.7  80 77 79 0.239 0.107
14 29 0.8  80 76 79 0.239 0.105
14 29 0.9  80 76 79 0.237 0.106
14 29 1.0  79 76 79 0.236 0.099
14 29 1.1  79 76 78 0.234 0.091
14 29 1.2  78 76 78 0.230 0.086
14 29 1.3  78 76 77 0.225 0.079
14 29 1.4  79 76 77 0.214 0.080
14 29 1.5  78 77 76 0.212 0.078
14 29 1.6  78 77 76 0.215 0.078
14 29 1.7  77 77 76 0.219 0.087
14 29 1.8  76 76 75 0.225 0.095
14 29 1.9  75 76 75 0.240 0.109
14 34 0.7  81 78 80 0.253 0.102
14 34 0.8  81 78 80 0.249 0.100
14 34 0.9  81 78 80 0.241 0.100
14 34 1.0  81 77 80 0.238 0.097
14 34 1.1  81 77 80 0.234 0.097
14 34 1.2  81 77 79 0.235 0.094
14 34 1.3  81 78 79 0.237 0.084
14 34 1.4  80 77 78 0.230 0.080
14 34 1.5  80 77 77 0.232 0.082
14 34 1.6  79 77 76 0.243 0.084
14 34 1.7  79 78 77 0.250 0.083
14 34 1.8  77 78 76 0.255 0.093
14 34 1.9  76 77 76 0.255 0.105
14 39 0.7  82 78 80 0.247 0.100
14 39 0.8  82 78 80 0.251 0.098
14 39 0.9  81 78 80 0.244 0.094
14 39 1.0  81 78 80 0.243 0.090
14 39 1.1  81 77 80 0.240 0.085
14 39 1.2  81 77 79 0.238 0.085
14 39 1.3  81 77 78 0.241 0.078
14 39 1.4  81 77 78 0.239 0.080
14 39 1.5  81 78 77 0.233 0.078
14 39 1.6  81 78 77 0.243 0.080
14 39 1.7  79 77 76 0.238 0.090
14 39 1.8  78 77 76 0.251 0.099
14 39 1.9  76 77 75 0.261 0.103
14 44 0.7  82 78 80 0.235 0.091
14 44 0.8  82 78 80 0.238 0.090
14 44 0.9  82 78 80 0.232 0.087
14 44 1.0  82 78 79 0.230 0.081
14 44 1.1  82 78 79 0.229 0.073
14 44 1.2  81 78 79 0.229 0.066
14 44 1.3  81 78 79 0.229 0.066
14 44 1.4  81 78 78 0.218 0.067
14 44 1.5  80 78 78 0.215 0.068
14 44 1.6  80 78 78 0.218 0.073
14 44 1.7  80 78 77 0.219 0.086
14 44 1.8  79 78 76 0.220 0.093
14 44 1.9  77 77 76 0.236 0.105
17 22 0.7  78 74 77 0.222 0.101
17 22 0.8  78 74 77 0.221 0.100
17 22 0.9  78 74 77 0.213 0.094
17 22 1.0  78 74 77 0.210 0.094
17 22 1.1  78 74 76 0.204 0.093
17 22 1.2  78 74 76 0.196 0.088
17 22 1.3  77 75 76 0.196 0.083
17 22 1.4  77 75 75 0.199 0.084
17 22 1.5  77 75 75 0.210 0.091
17 22 1.6  77 75 75 0.213 0.092
17 22 1.7  75 75 75 0.221 0.090
17 22 1.8  74 74 75 0.229 0.093
17 22 1.9  73 74 73 0.237 0.099
17 27 0.7  79 76 80 0.254 0.100
17 27 0.8  79 76 80 0.252 0.095
17 27 0.9  79 76 80 0.245 0.090
17 27 1.0  79 75 79 0.237 0.087
17 27 1.1  79 76 79 0.227 0.081
17 27 1.2  79 76 78 0.214 0.074
17 27 1.3  79 76 78 0.211 0.072
17 27 1.4  79 77 77 0.208 0.072
17 27 1.5  79 77 77 0.213 0.078
17 27 1.6  79 77 77 0.217 0.086
17 27 1.7  78 76 76 0.223 0.091
17 27 1.8  76 76 76 0.237 0.093
17 27 1.9  75 76 75 0.250 0.104
17 32 0.7  81 77 81 0.253 0.086
17 32 0.8  80 77 81 0.251 0.087
17 32 0.9  80 77 81 0.251 0.087
17 32 1.0  80 77 81 0.249 0.089
17 32 1.1  80 77 80 0.245 0.091
17 32 1.2  80 77 80 0.240 0.088
17 32 1.3  80 76 79 0.245 0.084
17 32 1.4  79 77 78 0.247 0.083
17 32 1.5  79 77 77 0.250 0.081
17 32 1.6  78 77 77 0.244 0.084
17 32 1.7  78 77 77 0.245 0.084
17 32 1.8  76 77 77 0.242 0.090
17 32 1.9  75 76 76 0.242 0.095
17 37 0.7  82 77 81 0.268 0.101
17 37 0.8  82 77 82 0.266 0.097
17 37 0.9  82 77 82 0.264 0.096
17 37 1.0  82 77 81 0.255 0.088
17 37 1.1  81 77 80 0.248 0.077
17 37 1.2  82 77 80 0.241 0.070
17 37 1.3  82 77 79 0.237 0.067
17 37 1.4  81 78 79 0.238 0.070
17 37 1.5  81 78 78 0.242 0.066
17 37 1.6  81 78 78 0.242 0.073
17 37 1.7  80 78 77 0.247 0.082
17 37 1.8  78 78 77 0.258 0.081
17 37 1.9  76 77 76 0.265 0.092
17 42 0.7  82 78 80 0.249 0.083
17 42 0.8  82 78 81 0.247 0.081
17 42 0.9  82 78 81 0.245 0.079
17 42 1.0  82 78 81 0.250 0.081
17 42 1.1  82 78 80 0.252 0.079
17 42 1.2  82 77 80 0.252 0.076
17 42 1.3  81 77 79 0.250 0.074
17 42 1.4  81 78 79 0.248 0.070
17 42 1.5  80 78 78 0.244 0.068
17 42 1.6  80 78 78 0.237 0.074
17 42 1.7  79 78 77 0.235 0.075
17 42 1.8  78 78 76 0.235 0.080
17 42 1.9  76 77 76 0.245 0.085
20 25 0.7  79 75 80 0.248 0.093
20 25 0.8  79 75 79 0.243 0.094
20 25 0.9  79 76 79 0.237 0.094
20 25 1.0  80 75 79 0.230 0.089
20 25 1.1  80 75 79 0.224 0.088
20 25 1.2  79 76 79 0.212 0.081
20 25 1.3  79 76 78 0.210 0.082
20 25 1.4  80 76 77 0.207 0.079
20 25 1.5  79 76 77 0.214 0.093
20 25 1.6  79 76 76 0.222 0.089
20 25 1.7  78 76 76 0.231 0.096
20 25 1.8  76 75 76 0.246 0.093
20 25 1.9  75 75 75 0.252 0.098
20 30 0.7  80 77 81 0.272 0.094
20 30 0.8  80 76 81 0.268 0.092
20 30 0.9  80 77 81 0.262 0.090
20 30 1.0  80 77 81 0.254 0.090
20 30 1.1  81 77 81 0.247 0.086
20 30 1.2  81 77 80 0.239 0.074
20 30 1.3  80 77 79 0.234 0.069
20 30 1.4  81 78 79 0.222 0.063
20 30 1.5  81 78 78 0.223 0.067
20 30 1.6  80 78 78 0.230 0.070
20 30 1.7  79 77 77 0.235 0.084
20 30 1.8  78 77 77 0.242 0.086
20 30 1.9  75 77 76 0.251 0.096
20 35 0.7  83 77 82 0.270 0.099
20 35 0.8  83 77 81 0.270 0.095
20 35 0.9  82 77 81 0.271 0.090
20 35 1.0  82 78 81 0.269 0.086
20 35 1.1  82 77 81 0.262 0.085
20 35 1.2  81 77 81 0.260 0.081
20 35 1.3  81 77 80 0.261 0.072
20 35 1.4  81 77 79 0.255 0.074
20 35 1.5  81 78 78 0.255 0.069
20 35 1.6  80 78 78 0.258 0.073
20 35 1.7  79 78 77 0.258 0.078
20 35 1.8  78 78 77 0.255 0.082
20 35 1.9  76 78 76 0.264 0.091
20 40 0.7  83 78 81 0.266 0.093
20 40 0.8  83 77 81 0.267 0.093
20 40 0.9  83 78 81 0.266 0.090
20 40 1.0  83 78 81 0.262 0.091
20 40 1.1  83 78 81 0.259 0.087
20 40 1.2  83 78 80 0.258 0.079
20 40 1.3  83 78 80 0.255 0.072
20 40 1.4  83 78 80 0.249 0.064
20 40 1.5  82 78 79 0.246 0.058
20 40 1.6  81 78 78 0.241 0.059
20 40 1.7  80 78 77 0.239 0.065
20 40 1.8  79 78 76 0.248 0.074
20 40 1.9  76 78 75 0.262 0.076
23 28 0.7  80 77 82 0.279 0.084
23 28 0.8  80 77 82 0.274 0.085
23 28 0.9  80 77 82 0.268 0.079
23 28 1.0  80 77 81 0.262 0.078
23 28 1.1  80 77 81 0.256 0.074
23 28 1.2  80 77 80 0.243 0.067
23 28 1.3  81 77 79 0.232 0.073
23 28 1.4  81 77 78 0.229 0.069
23 28 1.5  80 78 78 0.226 0.071
23 28 1.6  81 78 78 0.230 0.085
23 28 1.7  80 78 77 0.235 0.091
23 28 1.8  79 77 77 0.248 0.102
23 28 1.9  76 77 77 0.261 0.106
23 33 0.7  82 78 83 0.282 0.085
23 33 0.8  82 78 82 0.279 0.088
23 33 0.9  82 78 82 0.275 0.083
23 33 1.0  82 77 82 0.272 0.085
23 33 1.1  81 77 81 0.269 0.078
23 33 1.2  81 78 81 0.259 0.068
23 33 1.3  82 78 80 0.248 0.064
23 33 1.4  82 78 79 0.246 0.060
23 33 1.5  81 78 78 0.243 0.064
23 33 1.6  81 79 78 0.247 0.064
23 33 1.7  81 79 78 0.246 0.066
23 33 1.8  79 79 78 0.252 0.081
23 33 1.9  77 78 77 0.256 0.092
23 38 0.7  83 78 83 0.277 0.094
23 38 0.8  83 78 83 0.274 0.095
23 38 0.9  83 78 82 0.271 0.092
23 38 1.0  83 78 82 0.270 0.090
23 38 1.1  83 78 81 0.271 0.084
23 38 1.2  83 78 81 0.269 0.072
23 38 1.3  83 78 79 0.268 0.066
23 38 1.4  82 78 79 0.266 0.064
23 38 1.5  82 78 78 0.265 0.060
23 38 1.6  82 79 78 0.268 0.063
23 38 1.7  81 78 78 0.255 0.069
23 38 1.8  78 78 77 0.261 0.074
23 38 1.9  76 78 77 0.270 0.075
23 43 0.7  84 79 81 0.255 0.076
23 43 0.8  84 79 81 0.256 0.074
23 43 0.9  84 79 81 0.253 0.073
23 43 1.0  84 79 81 0.253 0.076
23 43 1.1  84 79 81 0.253 0.074
23 43 1.2  84 78 81 0.251 0.071
23 43 1.3  84 78 80 0.250 0.067
23 43 1.4  83 78 79 0.248 0.066
23 43 1.5  82 78 79 0.246 0.070
23 43 1.6  82 79 79 0.251 0.067
23 43 1.7  82 79 79 0.247 0.065
23 43 1.8  79 78 78 0.252 0.075
23 43 1.9  77 77 77 0.248 0.085

