21.157
12.130
21.204
22.639
20.046
25.694
16.528
13.148
15.463
24.815
28.102
25.046
16.157
17.454
16.481
24.815
22.500
34.074
39.630
26.898
34.583
16.389
15.556
18.889
34.444
16.667
19.444
28.796
24.306
24.537
30.046
15.833
15.463
27.315
13.611
19.259
30.694
23.241
19.213
26.713
29.722
20.972
16.944
16.713
14.259
15.602
20.370
19.444
28.519
18.333
18.056
18.472
29.907
31.713
21.389
28.102
13.241
26.389
29.352
23.287
23.380
31.204
32.963
35.556
33.750
37.269
22.454
32.361
22.130
16.667
24.259
13.194
19.491
26.944
31.574
27.731
27.176
25.278
18.102
19.583
34.815
26.435
36.574
28.472
44.630
21.343
24.815
23.657
32.500
28.843
20.000
37.083
21.991
18.194
24.491
28.056
15.093
35.139
26.713
23.657
23.657
23.472
19.444
21.296
20.093
14.259
13.704
11.759
19.676
18.750
15.787
18.889
14.398
21.898
22.731
31.898
30.648
29.120
18.935
17.222
26.389
21.806
17.685
18.889
30.787
29.352
29.074
20.694
33.102
27.130
25.556
26.528
24.769
27.222
19.306
21.389
17.963
28.426
25.556
20.926
21.898
24.120
36.898
23.796
32.037
27.315
23.426
24.028
29.306
21.667
24.120
20.602
11.620
19.769
17.315
26.481
27.778
22.778
19.398
17.778
30.694
16.019
31.389
27.269
20.185
21.250
31.574
29.676
22.685
27.454
18.472
23.981
30.787
19.583
28.796
25.046
25.741
28.194
30.139
28.935
23.935
27.917
25.787
22.546
20.324
17.731
25.602
18.519
22.778
26.852
23.796
18.241
20.648
20.648
20.741
18.704
20.741
24.120
24.213
32.315
30.509
29.907
35.602
41.713
37.454
18.843
22.407
36.343
38.472
37.731
21.065
34.167
37.500
39.352
32.824
40.972
41.528
30.556
36.944
40.000
17.963
16.713
17.639
27.407
18.148
16.389
25.833
32.824
26.250
20.324
21.574
16.620
18.843
34.444
42.454
34.120
37.130
22.593
16.435
14.907
9.352
21.852
21.343
21.157
14.213
14.444
12.778
10.741
23.333
10.324
12.917
19.028
15.787
28.287
14.074
17.130
15.093
29.907
14.583
11.667
22.963
14.120
20.741
13.565
24.583
19.306
24.861
18.889
17.870
19.583
25.278
28.657
21.343
18.148
13.565
16.250
22.639
18.611
14.537
28.380
28.194
27.315
20.278
24.028
14.769
19.676
17.593
15.648
17.176
20.324
15.509
14.583
18.333
20.741
22.639
14.676
18.056
25.787
14.028
10.926
16.343
17.176
10.972
15.417
20.370
16.620
14.444
17.222
15.417
16.389
19.676
12.500
10.556
11.574
16.435
16.019
18.148
19.120
14.491
16.204
14.259
17.454
8.056
11.991
13.009
16.852
12.963
21.343
14.028
16.898
20.185
26.713
19.676
22.454
21.528
13.565
15.602
23.426
23.148
19.815
20.046
19.398
14.167
15.417
17.824
29.306
28.889
27.407
16.296
22.685
21.574
16.343
22.407
27.685
23.704
18.704
19.769
25.926
25.741
26.759
14.583
19.259
23.056
19.907
23.009
24.583
24.954
15.000
14.907
14.074
24.167
20.694
18.981
17.222
23.843
22.824
20.972
17.778
22.315
23.565
22.546
17.824
13.287
20.463
17.407
17.963
21.898
18.102
20.509
16.065
19.722
28.194
22.315
26.157
26.991
26.620
26.944
29.583
33.148
29.444
30.093
29.676
25.509
25.417
29.954
26.944
31.759
21.759
34.769
31.574
19.213
37.917
14.769
13.287
19.167
20.278
20.648
21.759
19.722
24.120
24.398
23.750
26.250
13.194
15.324
16.157
13.657
16.852
17.130
17.593
11.481
18.426
21.481
24.213
24.630
19.028
22.546
27.407
22.361
18.009
19.259
18.426
22.731
16.389
23.935
21.157
29.815
22.546
22.870
20.602
20.463
25.787
20.648
19.306
20.000
19.028
26.343
20.694
31.250
19.120
32.963
18.981
37.037
23.056
32.963
19.444
26.667
38.704
19.259
30.278
22.500
14.861
16.389
18.889
17.361
19.074
22.824
26.759
23.611
18.102
23.796
18.611
20.324
18.194
29.907
17.454
15.139
16.852
16.343
13.056
14.907
20.324
12.778
19.769
21.435
11.481
16.620
21.713
17.500
16.806
18.056
16.574
20.093
18.843
23.889
15.787
20.278
19.907
13.287
19.167
15.602
20.926
17.546
24.167
18.565
20.231
22.315
18.565
19.028
14.167
19.861
18.380
23.287
25.741
25.417
19.167
17.176
15.000
15.648
14.398
21.574
19.722
15.417
19.074
16.435
18.796
21.343
21.944
21.157
19.630
23.565
20.972
25.093
25.694
31.759
25.417
19.815
23.287
18.889
22.083
22.639
22.176
22.778
18.981
21.250
23.657
18.426
19.306
28.796
18.009
19.722
12.407
16.620
14.398
30.556
16.481
13.148
13.241
27.731
24.861
27.500
19.722
25.324
30.602
21.204
20.787
35.185
43.935
21.435
26.435
22.315
15.093
20.972
21.157
28.056
28.935
21.806
19.861
20.231
23.056
18.056
22.963
21.481
24.306
22.083
23.843
17.454
21.620
22.269
22.130
22.593
19.815
18.935
25.880
19.861
14.259
16.528
20.787
25.833
22.130
28.148
36.019
13.102
19.861
21.204
21.806
20.463
17.500
18.565
17.824
19.259
23.241
29.074
29.306
13.472
18.287
30.278
28.889
35.278
16.111
21.065
21.157
26.713
26.713
21.250
31.250
19.259
16.204
21.944
13.843
18.102
23.009
28.519
36.898
36.065
36.250
39.444
25.648
20.741
22.222
27.176
41.759
13.889
30.324
17.731
30.741
22.315
20.231
31.389
38.981
36.991
30.787
25.648
38.287
38.380
26.759
28.380
23.611
24.352
26.991
22.500
35.556
31.620
37.176
30.185
27.639
33.704
26.389
26.111
26.435
33.380
33.194
14.028
17.824
20.000
27.685
32.407
25.000
22.361
27.361
17.130
17.824
26.343
12.361
23.102
19.537
32.083
15.324
16.759
18.889
16.759
15.417
16.528
14.676
14.907
15.093
14.167
25.417
18.611
18.472
20.833
19.120
18.935
27.685
32.731
30.556
22.176
22.500
23.935
16.991
20.093
22.222
28.333
27.593
32.130
18.843
27.130
25.880
25.185
23.657
28.935
26.343
35.093
26.250
25.972
19.074
14.444
23.981
16.806
12.963
18.426
18.843
25.880
22.778
19.583
20.741
24.167
34.491
23.565
24.676
39.259
23.148
37.639
15.556
30.833
40.694
20.509
15.046
16.944
17.778
17.685
18.935
17.870
11.944
20.093
19.583
18.148
23.889
20.000
25.880
15.648
25.185
17.870
19.954
28.009
19.676
20.648
16.852
27.500
21.713
18.426
15.833
13.519
20.833
15.880
27.269
22.269
20.324
26.713
23.889
15.000
37.824
34.676
37.685
18.426
17.639
43.565
46.435
39.491
39.491
16.157
22.454
16.481
16.991
38.750
23.889
16.806
17.037
36.481
26.991
25.648
40.463
30.278
13.194
34.398
31.111
23.009
21.713
29.815
27.500
20.417
22.407
15.185
25.880
25.787
25.741
18.009
18.657
18.565
25.278
11.898
16.111
25.046
16.019
22.639
18.148
22.361
26.157
20.231
21.204
22.500
26.759
16.528
22.361
20.556
22.546
17.639
14.861
30.093
27.546
23.750
34.583
18.148
15.185
16.759
29.167
24.676
13.704
26.296
19.491
25.556
18.935
19.583
17.731
28.194
22.917
24.630
20.833
27.222
21.204
27.176
27.222
17.870
22.546
21.852
16.481
15.139
19.398
19.537
26.667
18.981
20.000
25.000
31.111
21.944
27.407
11.667
21.019
17.454
16.019
15.324
28.287
31.435
33.102
24.676
16.713
28.750
21.019
20.324
19.491
26.204
29.444
27.269
28.704
31.528
36.667
37.593
32.037
29.537
32.222
14.537
15.231
15.787
13.935
10.093
14.120
23.565
23.843
17.500
30.370
22.685
18.843
26.065
14.583
12.639
12.639
14.537
15.880
20.324
21.250
28.796
11.389
12.130
13.380
18.241
23.611
29.120
36.065
18.333
14.028
12.685
19.398
17.037
14.352
22.315
17.963
11.204
16.435
18.333
13.657
17.222
34.907
31.296
28.241
27.407
27.824
34.630
32.315
34.074
28.843
15.046
25.278
23.704
32.731
16.667
23.472
21.435
41.481
38.796
42.593
39.676
40.278
43.935
16.019
22.130
14.676
18.241
17.269
24.167
18.565
17.407
18.657
23.935
25.556
19.769
16.898
18.981
21.713
24.213
22.546
26.944
17.917
30.046
20.278
22.361
26.759
23.611
26.620
25.046
17.500
27.037
23.889
23.796
14.028
14.074
20.694
23.935
20.046
21.250
21.019
26.343
28.611
21.019
20.648
16.435
22.315
21.898
21.667
15.787
13.796
19.306
15.694
25.093
22.361
19.954
18.981
17.917
21.806
21.296
25.509
28.889
33.565
23.935
27.407
34.213
35.370
23.009
30.648
35.139
31.713
30.185
42.731
24.676
17.407
20.417
26.667
26.157
28.704
13.287
21.620
22.222
32.269
19.861
24.259
26.713
21.528
16.296
22.454
14.444
15.370
20.463
22.870
29.861
18.657
26.435
29.444
27.593
25.093
27.731
14.537
22.639
17.731
9.583
24.259
22.870
21.296
14.028
17.315
25.741
19.861
13.056
24.306
24.259
15.602
27.639
25.139
18.426
14.167
24.491
21.435
21.944
14.491
19.213
13.056
20.741
13.287
10.741
14.676
18.657
8.889
18.194
18.380
13.796
24.537
13.102
17.731
25.093
16.528
19.444
13.102
17.222
16.528
22.083
34.444
21.898
31.574
28.472
23.750
13.611
25.602
12.222
22.639
20.556
16.157
22.731
15.556
23.935
22.870
17.130
22.130
29.769
14.352
16.481
19.954
14.907
24.583
16.528
23.843
16.991
18.333
16.991
28.472
30.602
18.333
16.898
21.852
30.648
15.648
12.269
16.111
27.685
21.111
12.639
23.472
22.917
21.759
28.426
34.815
20.093
27.824
29.630
21.481
23.796
17.963
29.491
33.519
24.259
36.111
25.926
23.750
28.380
32.546
23.843
30.278
32.315
23.056
27.685
21.759
26.204
26.667
14.907
11.343
20.787
18.657
16.065
26.852
29.676
31.435
26.991
29.028
19.954
23.657
21.435
19.769
20.648
20.741
17.778
18.611
20.370
17.222
21.296
18.889
25.694
20.278
23.935
26.481
27.500
23.750
19.074
23.102
31.574
27.361
20.185
26.435
22.130
28.657
23.241
28.287
23.102
27.963
24.861
23.426
14.630
23.380
20.093
14.120
18.704
23.889
22.454
21.944
22.824
28.889
23.935
20.833
14.398
20.185
18.472
22.685
27.083
18.843
23.333
18.935
18.426
33.889
26.759
16.389
30.694
26.481
31.296
30.231
25.093
23.287
21.528
31.620
32.407
23.981
29.213
24.861
15.741
16.481
12.407
14.398
14.028
21.250
14.722
17.222
14.954
11.065
22.361
19.815
19.676
12.917
19.306
13.935
15.880
21.065
17.593
22.593
17.593
14.815
15.880
14.676
15.046
20.926
14.815
17.269
19.213
18.750
23.796
13.426
16.204
12.778
20.139
16.713
12.222
15.139
15.602
14.954
13.565
19.259
15.694
21.389
21.157
28.565
23.657
31.713
24.074
27.778
37.963
27.361
33.704
29.120
30.139
30.463
26.574
30.602
24.028
28.194
29.861
17.963
11.065
23.009
18.287
19.398
15.694
19.861
19.398
19.583
23.333
20.926
20.926
21.667
24.352
9.907
20.741
38.194
25.046
23.426
26.852
28.287
32.037
31.111
31.157
29.028
29.167
25.787
15.787
17.176
17.315
20.324
17.870
17.361
18.426
18.009
17.037
16.898
14.583
11.435
17.037
14.583
17.593
16.111
13.981
14.028
14.259
14.028
14.861
17.176
16.759
17.731
16.806
12.269
14.722
13.981
14.306
13.287
15.000
22.685
16.759
18.194
19.398
17.500
24.676
25.880
16.343
18.565
14.167
28.704
35.278
24.306
22.454
25.880
27.083
34.259
20.787
17.639
24.491
20.509
33.843
32.361
29.676
36.898
16.389
25.926
19.815
22.407
19.444
25.370
24.398
18.519
29.630
30.417
37.361
32.778
25.833
16.759
29.120
25.046
16.111
18.009
20.000
31.343
18.472
22.037
27.361
25.231
22.269
15.833
19.120
34.537
26.157
28.426
22.917
26.296
17.917
27.778
23.704
43.194
27.222
37.824
39.306
24.954
22.222
11.343
27.222
29.583
25.370
42.824
24.907
31.528
25.278
36.435
36.944
34.769
41.481
40.231
21.065
17.222
17.593
16.157
26.898
19.954
21.343
18.056
26.204
18.704
18.102
28.102
18.472
24.398
20.741
25.231
23.056
19.630
23.009
23.750
26.574
18.102
20.787
19.630
22.130
20.046
12.963
12.454
17.639
14.630
16.806
23.009
18.241
15.093
14.769
20.231
37.917
22.917
23.750
31.481
41.389
34.630
37.731
24.583
26.481
18.704
28.565
38.426
31.991
40.880
36.481
17.176
27.176
15.185
30.926
19.398
30.509
41.806
42.639
38.287
31.481
27.130
32.500
31.296
38.657
37.454
35.556
20.139
35.417
20.185
39.167
18.843
36.157
21.574
27.778
27.407
22.315
22.037
27.685
24.352
17.130
21.204
32.222
28.611
30.278
21.852
27.037
18.981