28.287
21.134
17.454
22.986
18.981
27.338
16.574
20.764
22.847
16.204
32.731
33.866
41.829
16.921
20.278
20.324
22.477
32.176
27.245
30.069
24.931
32.199
21.157
23.194
22.222
15.810
16.551
18.889
21.620
24.630
22.454
20.162
27.708
19.838
30.394
27.708
18.981
17.199
24.120
23.148
17.338
20.671
17.037
23.657
19.421
20.694
18.032
22.222
21.574
32.083
26.435
32.130
29.398
24.861
22.500
22.778
34.421
26.111
15.972
16.088
19.421
20.810
17.593
15.532
18.449
23.611
15.486
16.852
35.046
28.912
29.815
15.764
20.625
17.083
15.023
13.009
20.394
24.630
22.708
16.134
17.384
20.718
26.088
24.028
19.144
22.037
14.352
17.894
16.667
14.421
20.440
23.773
24.537
24.676
15.231
14.537
18.958
16.389
26.296
18.796
21.898
21.481
29.167
28.287
30.556
14.630
19.491
21.528
24.005
18.634
17.292
16.852
26.806
18.565
35.023
33.681
19.815
30.394
24.537
26.806
20.162
19.329
17.269
19.329
20.023
23.704
24.097
28.727
25.856
17.593
25.301
26.829
20.972
31.042
23.796
29.630
30.278
34.931
30.139
34.352
25.278
29.884
26.528
27.778
26.736
33.519
22.546
20.694
22.685
26.157
26.319
28.264
23.125
18.333
21.204
19.352
20.208
24.144
22.407
16.319
23.889
20.463
23.171
21.250
24.398
18.912
23.148
31.319
25.417
32.685
33.356
11.829
18.310
21.435
15.162
22.384
27.894
25.694
25.972
23.426
21.944
29.676
25.926
19.468
20.324
20.741
17.269
22.616
17.824
18.935
19.653
25.671
19.190
19.375
16.759
17.986
15.810
21.250
21.875
15.093
20.787
16.806
15.671
15.000
23.079
33.704
29.745
18.333
20.856
30.069
19.977
24.329
19.560
22.963
19.838
27.199
16.088
19.838
27.917
27.222
26.481
16.157
20.671
33.519
19.144
17.454
17.384
18.773
19.907
22.176
22.616
22.523
18.125
28.958
24.236
27.847
26.991
25.255
26.481
14.537
19.537
20.532
19.421
18.403
24.074
27.847
22.500
20.208
20.208
22.338
23.472
24.931
18.981
18.009
21.065
21.759
26.852
23.287
22.176
35.162
33.079
20.694
21.042
17.384
17.361
16.782
16.875
17.546
25.139
31.134
19.676
19.144
18.194
19.120
32.593
21.667
23.032
27.963
33.079
25.278
22.199
28.125
20.810
20.208
25.440
22.407
37.500
22.083
25.162
41.250
15.833
15.208
25.440
17.801
17.847
19.676
27.014
28.773
33.866
22.338
17.176
21.273
19.861
25.810
37.708
31.019
27.454
23.935
22.963
26.806
25.069
13.727
18.056
28.981
27.060
13.426
17.616
17.222
21.204
15.602
26.528
22.199
21.852
32.454
15.833
30.463
20.278
22.662
16.597
22.361
17.963
16.319
16.019
20.231
20.301
31.620
33.171
23.449
24.931
31.759
30.023
17.986
20.625
21.111
24.398
22.940
25.926
25.116
22.014
19.745
24.306
22.269
22.986
25.394
17.060
22.778
22.199
20.301
17.546
16.319
19.792
30.139
24.606
15.069
18.403
26.898
24.745
26.875
25.694
25.185
25.486
21.319
23.981
17.593
27.477
22.477
24.769
26.620
21.968
21.134
28.380
19.190
27.245
18.935
27.431
25.417
29.537
27.338
27.037
25.162
23.032
18.704
21.944
35.671
20.417
32.662
27.130
22.870
24.120
29.005
22.755
22.616
26.829
15.671
20.532
17.431
33.310
24.931
24.421
29.097
18.704
16.366
21.366
26.157
23.218
18.981
22.963
20.671
23.519
22.454
18.009
27.315
26.458
29.653
29.375
22.245
28.102
19.306
25.810
21.412
24.838
34.606
31.042
35.532
29.352
31.667
20.255
23.634
23.796
26.458
17.523
31.227
31.736
15.046
23.773
23.611
17.222
21.898
44.630
29.028
22.199
30.648
32.222
27.153
27.014
28.403
13.889
16.991
20.139
29.190
28.796
24.653
23.449
17.685
23.588
24.907
25.417
27.940
34.560
21.458
24.028
24.398
28.472
22.153
19.329
21.690
18.796
19.120
21.181
20.509
28.611
33.241
14.745
23.750
38.773
27.269
17.454
20.625
28.981
27.685
31.991
26.551
23.333
25.185
25.671
19.306
25.648
18.032
20.810
17.014
28.565
27.500
30.532
30.278
24.769
23.472
32.407
21.782
20.486
19.282
28.935
24.375
27.106
38.495
22.245
17.963
23.681
17.940
19.606
21.551
24.792
16.435
27.176
23.079
21.435
23.241
29.722
17.685
18.935
27.801
21.273
30.694
27.176
17.963
12.986
20.486
19.352
22.778
26.458
19.653
20.324
42.593
25.972
24.190
17.685
21.574
32.106
33.773
26.736
28.958
29.630
27.106
18.356
23.981
19.213
22.338
22.153
36.759
27.940
22.083
27.824
25.880
28.519
22.755
33.241
27.963
26.551
33.681
25.093
27.940
32.477
21.806
15.926
23.449
19.815
24.931
23.611
24.120
30.718
18.426
19.907
20.509
29.421
42.963
34.699
18.681
17.245
20.532
29.792
18.727
18.958
20.301
36.042
34.120
17.685
25.162
22.269
18.241
33.264