24.537
16.713
26.759
26.481
26.991
28.009
21.204
17.407
19.861
28.102
30.880
30.185
21.204
20.602
22.546
30.000
25.880
36.157
43.056
30.093
35.556
20.231
17.778
22.639
35.602
21.759
20.602
31.065
27.778
28.194
32.361
17.083
16.667
27.870
15.231
20.093
34.213
27.963
23.519
29.676
31.250
23.241
20.417
20.602
18.796
19.630
23.102
21.065
30.139
21.574
18.565
20.139
33.704
35.046
24.722
31.250
16.435
30.694
29.722
31.389
29.167
30.880
34.028
36.111
36.898
42.639
21.898
30.046
20.556
21.574
26.528
17.685
23.889
30.463
34.120
33.657
30.972
29.398
21.389
21.852
38.472
31.806
38.148
31.343
45.694
22.870
27.454
29.722
35.278
29.954
23.981
39.167
26.991
22.917
28.287
28.935
17.407
37.963
29.491
27.222
25.694
28.519
23.565
25.741
22.454
18.565
15.741
15.787
24.028
21.574
17.731
23.009
18.611
22.963
23.889
36.343
31.389
30.926
19.722
19.537
29.769
26.667
19.907
22.500
49.120
30.000
30.556
23.287
42.639
30.370
28.935
29.306
27.454
32.454
21.944
24.074
19.815
32.593
26.435
24.861
23.750
25.694
37.824
25.694
33.657
31.343
25.972
28.009
30.694
24.352
25.833
21.389
12.593
21.852
19.537
30.417
29.352
29.306
20.139
19.722
32.546
18.750
33.426
39.444
38.380
32.130
33.102
39.861
35.185
32.731
29.722
31.806
36.296
19.769
32.130
28.380
27.731
27.870
30.556
30.972
25.741
29.537
29.120
26.250
21.759
20.787
29.120
21.389
26.250
30.463
26.667
21.713
21.296
22.778
21.343
19.769
22.037
27.037
28.611
36.019
31.759
28.657
38.009
41.944
37.963
19.907
25.509
37.917
41.389
38.796
23.380
36.898
37.870
40.185
34.537
44.213
42.176
32.546
37.731
39.722
22.176
18.380
19.907
26.574
18.009
17.222
28.889
33.704
30.556
21.944
24.213
23.009
21.806
36.852
42.917
36.898
36.204
24.537
17.454
16.065
11.481
25.463
23.519
23.704
19.167
19.120
17.731
13.750
26.157
15.185
16.620
24.769
19.120
32.083
20.093
21.667
16.759
33.241
20.417
16.759
25.833
18.102
28.519
17.824
25.880
20.046
30.833
22.685
22.593
23.287
27.917
30.324
21.435
19.444
17.778
18.843
26.157
20.880
17.454
33.796
32.222
31.250
22.500
24.861
15.787
27.778
17.500
15.648
17.546
25.000
15.185
16.111
20.602
22.778
23.472
18.287
22.083
29.954
17.870
10.926
16.157
18.241
12.546
18.889
23.009
21.343
19.583
23.796
18.796
21.852
24.769
13.981
13.565
14.630
19.537
18.935
23.009
24.398
19.306
18.102
17.037
19.815
11.806
14.769
15.833
20.602
17.500
37.639
18.657
31.852
33.843
42.222
25.926
26.528
27.824
34.491
46.204
45.370
49.398
22.593
21.574
22.593
19.861
18.519
22.500
33.935
28.657
29.630
19.630
27.361
23.380
19.444
25.556
30.093
25.000
21.481
21.065
29.583
31.528
31.435
18.472
23.750
27.917
24.491
28.241
30.556
29.167
20.463
18.333
15.648
29.074
24.213
23.287
19.722
25.185
27.546
25.231
21.713
26.852
26.574
25.231
20.000
16.620
23.194
19.815
21.620
22.731
20.093
23.241
19.583
22.361
30.093
25.231
28.843
28.333
27.639
28.056
30.694
35.324
30.926
32.917
31.852
26.296
28.102
31.759
29.028
34.306
22.593
38.287
33.472
21.667
39.306
17.500
17.454
25.093
34.120
44.444
26.389
23.843
28.333
49.583
49.259
45.093
16.620
28.611
38.380
17.083
50.509
50.185
41.852
14.028
21.065
22.963
23.241
25.880
23.611
20.741
29.398
22.176
20.046
37.870
29.444
40.046
19.213
25.694
23.935
31.667
23.148
25.648
22.454
23.565
29.583
21.806
22.963
22.639
20.741
28.333
21.111
34.907
22.315
33.519
21.667
39.907
27.778
33.333
21.944
28.519
40.926
22.593
33.611
28.704
17.407
20.602
22.500
22.685
18.981
26.852
29.444
26.806
22.222
28.056
23.380
25.463
22.083
34.213
21.481
20.231
20.787
20.046
16.759
20.324
27.546
17.917
24.259
25.278
15.741
19.213
27.407
22.083
21.250
21.481
20.278
22.315
22.824
27.917
20.185
23.519
21.296
18.102
21.898
18.056
23.241
22.083
28.935
24.630
24.120
24.583
22.870
23.981
17.269
22.917
22.222
26.991
29.398
29.398
23.565
20.694
15.417
20.278
16.296
24.583
21.713
15.880
23.519
19.722
22.824
25.880
24.583
25.417
20.417
27.639
24.120
28.843
28.935
33.843
29.491
22.639
28.519
22.870
28.426
26.667
26.296
25.926
21.944
24.259
25.185
23.148
20.370
30.463
17.315
22.315
16.250
18.843
16.481
33.148
20.231
14.398
15.417
30.880
28.843
30.648
20.648
29.815
32.315
22.593
25.278
36.620
46.481
24.815
29.815
25.417
18.380
26.343
22.315
30.648
30.880
24.259
23.009
24.491
26.435
22.963
25.972
24.815
23.889
25.324
26.944
20.556
24.306
25.556
26.620
26.759
23.102
22.037
28.194
23.148
16.759
19.120
22.917
27.361
23.565
29.954
35.741
17.546
25.972
24.676
27.037
24.306
22.130
21.759
18.519
22.454
27.639
30.602
32.361
14.630
21.759
32.315
32.685
38.519
19.444
23.519
25.741
30.370
28.704
24.444
33.611
21.852
19.630
26.204
15.139
21.528
25.787
29.676
38.611
38.611
38.565
39.815
28.565
21.481
24.444
29.630
41.157
15.185
33.056
23.935
30.741
24.815
26.528
31.713
40.046
39.213
33.380
30.278
39.074
42.963
27.685
28.843
33.287
35.694
29.398
34.769
44.028
34.630
38.426
31.296
31.806
37.037
28.796
30.648
30.324
38.565
34.954
15.417
23.843
24.259
34.537
34.630
27.778
24.954
30.787
22.407
30.046
33.380
16.157
29.028
23.519
33.148
15.787
16.296
19.954
18.472
16.250
18.889
14.815
15.880
15.694
16.667
34.259
35.139
46.296
46.944
46.296
27.361
32.685
37.130
34.907
25.787
26.528
25.324
21.574
24.630
23.148
30.000
29.167
34.167
22.037
25.648
28.472
27.315
27.269
33.009
27.454
32.778
28.009
27.639
20.278
17.593
26.481
18.657
13.519
21.389
18.009
25.787
23.889
22.500
22.685
28.796
36.389
25.093
24.167
38.611
24.167
36.296
17.963
31.667
41.759
26.435
20.093
20.556
18.287
20.833
22.685
21.065
13.935
24.120
23.565
22.963
27.639
22.407
30.648
17.454
31.111
19.861
24.954
32.130
23.657
26.065
18.333
29.583
25.185
21.667
17.917
17.130
25.324
19.676
30.370
27.361
27.222
31.065
26.435
16.852
38.472
36.065
35.139
23.565
23.102
40.093
47.500
39.769
39.815
19.444
27.407
41.574
21.250
44.861
24.259
19.537
22.083
44.213
29.074
27.917
42.083
31.296
18.843
34.954
43.889
25.880
23.009
29.120
30.370
26.713
23.796
19.259
28.333
31.065
26.759
20.509
17.778
21.991
25.648
14.028
20.324
26.111
19.398
23.935
22.037
23.935
29.259
23.194
22.731
26.343
28.380
18.333
25.463
27.222
26.667
24.907
20.093
34.491
30.139
25.139
39.769
19.907
18.657
20.000
30.417
29.676
16.991
30.463
27.130
29.769
25.417
22.685
20.833
34.537
27.315
28.426
24.630
31.481
22.361
29.954
28.704
20.278
25.741
24.213
19.954
15.972
22.269
20.741
30.833
22.361
24.259
29.398
35.556
27.176
30.463
16.019
24.537
20.648
17.546
17.546
28.750
32.083
32.546
25.139
18.935
29.491
23.472
22.639
20.741
29.352
35.185
32.685
30.880
32.361
35.278
37.500
33.148
31.481
33.056
18.056
16.759
19.028
15.741
11.991
18.472
26.806
29.306
20.509
31.759
25.185
22.130
28.102
18.333
16.898
16.481
17.454
20.880
24.259
26.991
30.972
16.157
16.204
19.028
23.380
25.324
29.676
37.407
22.315
18.056
15.231
20.787
17.593
18.611
25.093
21.944
16.620
20.741
22.870
16.991
21.713
33.380
32.824
28.657
30.972
30.000
34.630
32.778
37.037
33.843
18.611
27.222
25.741
32.546
19.167
25.324
22.639
41.435
40.463
44.120
42.824
45.000
45.278
15.231
22.407
18.148
20.324
23.565
23.009
20.602
18.981
20.278
24.444
26.435
20.509
20.231
21.806
23.241
23.565
26.528
28.611
20.926
33.287
24.028
29.537
34.722
27.778
27.083
28.380
19.167
28.889
24.907
25.787
16.806
15.833
23.796
25.926
22.269
23.889
22.361
28.565
31.481
25.324
23.611
20.602
28.935
27.407
24.954
20.926
15.833
21.065
17.731
28.935
25.463
26.111
23.287
21.250
23.935
25.231
30.417
30.880
36.620
26.944
33.148
36.019
39.167
26.759
34.444
37.407
33.796
33.796
42.037
28.935
22.037
26.574
29.954
28.889
31.065
17.361
26.620
27.731
35.278
25.370
29.398
30.694
25.093
20.787
25.972
18.333
20.000
23.009
23.426
30.787
21.528
24.213
31.250
30.417
29.444
30.694
17.917
23.241
22.176
12.546
25.787
28.009
22.176
16.898
20.602
26.944
23.333
16.759
24.815
22.685
17.870
29.907
26.574
20.324
16.111
27.315
22.917
23.704
17.824
20.370
17.315
23.657
17.130
14.120
17.361
22.037
14.398
21.481
21.528
18.148
27.917
15.278
22.454
28.333
15.880
22.593
13.889
20.833
17.361
25.509
36.019
26.111
34.352
30.509
24.954
14.861
28.750
13.981
25.833
24.722
18.287
25.648
17.917
27.176
26.343
21.481
25.741
33.611
17.361
19.398
21.898
18.333
27.315
18.056
28.426
20.417
20.556
22.917
52.639
34.352
23.750
21.204
25.602
52.824
21.296
15.417
23.241
52.685
26.713
18.472
52.361
30.185
48.241
33.009
38.565
24.722
31.250
33.981
25.278
27.315
22.176
32.546
33.611
26.574
36.389
27.361
28.472
29.769
33.843
27.593
29.537
34.259
26.713
29.259
21.713
28.102
31.296
19.352
15.139
22.130
23.981
21.343
31.296
31.435
33.056
30.556
32.731
24.583
26.019
25.463
25.139
23.380
25.324
22.500
24.259
25.046
21.528
23.657
20.972
28.009
21.481
27.407
26.574
29.074
25.278
21.250
26.898
33.287
28.981
22.917
27.546
20.787
29.120
25.602
29.676
23.889
28.796
27.037
22.037
15.602
23.889
21.713
14.491
19.583
24.491
22.685
23.009
22.176
27.731
25.324
20.926
14.815
22.130
19.583
23.565
28.472
20.185
24.630
19.907
23.148
35.741
31.157
20.787
30.093
26.991
32.639
32.778
27.917
24.815
24.167
30.926
32.500
25.741
29.213
24.583
19.259
35.926
14.167
14.630
17.731
26.111
17.130
17.593
15.741
14.861
25.278
20.463
20.926
16.157
31.852
13.148
17.361
22.963
20.417
26.019
20.417
14.583
15.972
17.500
17.083
24.954
18.519
18.981
21.343
19.722
27.593
16.713
20.046
15.556
22.685
18.565
14.306
18.750
16.204
17.593
14.028
19.954
18.935
24.120
22.130
28.194
25.324
30.694
25.417
29.537
36.111
25.463
34.537
31.019
29.907
30.278
28.056
31.435
26.157
30.694
32.176
19.907
14.306
25.787
21.435
22.361
18.472
24.954
23.102
24.028
29.259
22.593
21.296
27.963
30.093
11.759
22.500
40.741
28.796
27.407
29.537
30.139
36.204
34.815
32.963
33.796
32.824
31.389
18.148
20.926
22.269
23.056
19.815
21.065
21.852
21.620
19.444
20.046
15.556
12.870
20.231
20.000
19.491
18.426
15.370
18.009
19.630
17.731
18.611
20.046
19.259
20.046
20.370
15.972
16.574
17.361
17.361
15.370
17.176
25.000
20.556
24.537
25.046
20.093
24.722
26.528
18.333
22.824
15.509
30.046
34.722
28.611
28.750
29.213
31.806
31.250
23.380
19.259
26.389
22.963
33.796
34.491
31.991
35.787
20.880
29.398
22.361
26.759
21.204
30.833
28.704
20.741
30.046
31.019
36.991
31.528
30.231
20.139
32.315
29.167
20.231
21.019
26.204
34.213
22.917
26.019
30.972
30.417
27.639
20.741
23.009
34.259
29.306
33.889
28.102
30.833
21.713
30.324
29.120
40.648
29.815
36.991
39.861
26.435
24.722
16.157
31.435
28.194
27.037
41.574
27.546
31.250
27.685
35.185
36.574
30.463
39.074
41.481
24.954
48.519
21.343
21.806
29.815
43.657
21.296
19.444
26.806
29.861
47.639
47.037
19.907
29.583
24.861
24.722
24.630
19.815
25.833
28.009
29.537
20.370
21.204
20.093
23.194
21.019
15.185
14.537
20.787
18.056
19.630
26.250
22.222
18.102
17.222
22.083
38.056
23.565
25.509
33.935
41.250
33.333
37.639
30.602
29.398
23.472
32.963
40.463
33.704
43.056
38.935
19.722
29.907
17.917
32.778
19.769
31.991
43.194
43.426
40.185
32.546
30.972
35.000
34.028
38.750
40.093
35.694
20.278
40.972
22.222
43.750
22.500
38.843
25.139
29.491
28.843
25.370
22.130
30.833
27.222
21.250
24.861
29.907
29.954
31.713
24.028
28.287
22.593