27.870
21.065
17.338
23.125
19.051
26.620
16.505
20.324
22.477
16.088
32.153
33.264
41.551
16.690
19.630
20.694
22.245
31.551
26.435
29.352
24.144
32.199
21.273
22.940
22.199
16.019
16.597
19.375
21.921
24.630
21.736
19.931
27.407
19.653
30.185
27.894
19.236
17.338
24.398
23.634
17.315
20.903
17.269
23.634
19.560
20.463
17.917
21.481
21.366
31.227
26.181
31.389
29.838
23.889
22.523
22.616
33.287
25.787
15.278
16.366
19.444
20.926
17.500
15.602
17.824
23.079
15.046
16.088
33.866
27.870
30.602
15.370
19.722
17.338
15.000
12.986
19.537
23.310
21.412
16.273
16.574
20.509
25.509
23.727
19.398
22.130
14.398
17.431
16.898
14.329
19.722
23.866
24.028
24.468
15.301
14.375
19.352
16.111
26.088
19.097
22.199
20.856
28.681
27.778
29.884
14.560
19.097
21.366
23.657
19.097
16.944
15.856
26.157
18.889
34.051
32.685
19.907
29.398
24.444
26.366
20.625
18.796
16.898
18.889
19.699
24.560
24.028
28.796
24.884
17.176
23.727
25.787
20.370
31.019
23.843
30.023
29.838
33.634
29.144
34.097
24.861
29.653
26.088
27.708
26.458
32.361
22.106
20.648
22.685
26.481
26.366
28.241
22.731
18.194
21.019
19.306
19.491
23.519
22.546
16.019
23.264
20.856
22.940
20.880
24.352
19.398
23.032
31.065
25.694
32.014
32.523
11.111
17.824
21.296
14.907
21.968
27.847
24.861
25.903
23.704
21.528
28.657
25.903
19.190
20.787
20.602
17.569
22.384
18.356
18.935
19.352
25.532
19.491
19.468
17.106
17.894
15.972
21.111
21.620
14.306
20.394
16.574
15.903
14.514
22.940
33.218
28.796
18.449
20.162
29.537
19.606
23.565
19.282
22.083
19.259
27.153
17.199
20.370
27.500
26.968
25.926
16.250
20.856
32.708
18.912
17.176
17.431
18.079
19.514
21.574
22.176
22.130
17.963
29.236
24.167
27.685
27.315
25.208
26.296
14.815
19.398
19.931
18.796
17.870
22.731
27.060
22.153
19.745
19.005
22.037
23.681
24.514
18.912
17.801
21.111
21.204
25.648
23.148
22.176
35.069
33.148
20.741
20.787
17.199
17.824
16.944
17.106
17.500
25.162
30.741
18.750
18.727
18.403
18.241
32.361
21.759
22.963
27.940
32.708
25.069
21.157
27.616
20.556
19.653
24.468
21.782
37.245
22.477
24.815
41.343
16.319
15.208
24.792
17.616
17.847
19.375
26.065
28.403
32.778
21.898
17.060
20.903
19.907
25.370
36.875
30.347
27.894
22.917
22.662
27.292
24.606
13.333
17.963
28.264
26.644
13.912
18.264
17.477
20.625
15.556
26.273
21.713
21.389
31.759
15.856
30.278
20.255
22.917
16.782
22.639
18.495
16.782
16.181
20.741
20.810
31.944
33.241
22.963
24.560
30.324
29.074
18.889
20.995
21.528
24.144
22.963
26.551
25.093
22.477
19.676
24.329
22.500
22.315
25.810
17.269
22.685
21.875
20.093
17.616
16.481
19.977
29.653
23.542
14.699
18.333
26.921
24.560
25.903
24.977
25.556
25.671
21.921
24.468
17.546
27.616
22.847
24.560
26.944
22.361
20.741
28.194
19.560
27.685
19.190
27.106
25.231
29.491
26.690
26.412
25.000
22.847
18.241
21.944
35.255
19.838
32.500
26.620
22.778
23.843
28.032
23.380
22.940
25.949
15.417
20.046
17.778
31.782
24.861
24.560
29.190
18.681
16.204
20.995
26.412
22.731
19.421
23.218
21.273
24.074
23.171
17.037
26.829
26.736
28.912
28.889
22.569
27.106
19.630
25.509
21.690
25.000
33.889
31.088
34.769
28.218
31.088
19.653
23.032
23.866
26.389
17.662
30.764
31.250
15.463
23.611
23.194
16.991
21.944
44.213
28.542
21.505
30.046
30.810
26.782
26.667
27.870
12.986
16.759
19.931
28.449
28.727
24.514
22.986
18.102
23.611
24.884
25.625
27.731
34.144
21.644
23.958
24.398
27.708
21.944
19.120
21.736
18.218
19.259
21.389
20.116
27.917
32.708
14.444
23.449
38.796
27.407
17.847
20.301
28.866
27.639
31.991
25.833
23.333
25.625
25.509
18.819
25.278
18.102
21.088
16.944
27.222
27.454
30.139
30.000
25.856
22.662
31.412
20.995
20.440
18.333
28.333
23.449
27.222
38.681
21.597
18.148
22.662
18.032
19.213
20.856
23.611
16.528
25.949
22.569
20.764
22.917
29.444
18.148
19.421
27.431
21.389
30.625
27.245
17.569
13.079
19.907
19.375
22.106
26.713
18.750
19.699
41.898
25.324
23.264
17.384
21.481
32.315
33.704
25.671
28.056
29.028
26.713
18.241
24.259
19.236
21.759
22.176
36.528
27.778
22.361
27.153
25.486
29.005
22.917
32.338
26.829
25.370
33.102
25.069
27.431
31.435
21.296
15.509
24.074
19.514
24.236
23.542
23.056
30.000
18.426
20.000
20.463
29.468
43.102
35.301
18.032
17.778
19.514
29.120
18.704
18.611
19.977
35.694
33.032
17.361
25.324
22.384
17.894
32.616